22839 2433 1811 15676 16280 30126 22747 10292 29694 13775 18617 28440 26138 27751 23157 1183 917 16133 4524 16641 23193 32446 18549 28169 17810 13530 22853 22891 1078 26574 8208 24921 26051 11371 5809 12113 26759 22356 4236 5433 29350 25269 22898 16557 2072 23602 15301 14488 8689 28446 
12764 22785 2789 24302 18088 16680 25867 1517 27032 26578 15585 11313 14779 18913 19857 19149 3109 26407 23154 3912 12691 380 16850 13134 16210 21006 11507 31910 24412 10489 339 31076 27589 11032 30512 19552 22869 8730 31052 7654 13687 4824 12782 1199 15185 3557 26921 31504 17461 28263 
6240 13426 5944 31526 22282 26370 23584 7651 1203 23978 13700 9451 21571 26175 17966 17132 7299 28668 9668 16646 4573 28207 2216 5925 19812 21298 7964 24207 17684 14237 28586 21177 6490 442 12483 21599 23511 8505 26022 8915 13153 13093 17027 16278 330 8727 7136 12325 27621 5802 
25917 4629 29255 19502 755 13666 27979 7585 29538 12549 8665 24283 4939 9668 18535 22024 379 9038 11711 26971 26026 25479 20739 21761 7842 20513 8943 32084 7076 1644 19039 12626 25863 19823 4625 29005 6178 12855 25515 3555 23148 15983 29696 13105 2018 32049 1167 13380 8361 16924 
24140 10960 14837 26279 27044 16165 30249 29108 1979 11358 18496 23913 4344 21724 1643 28475 7363 31475 4091 22091 30349 29154 2690 1014 25617 23305 31285 29351 8410 17238 14741 20208 13062 13569 5199 14042 32073 4473 2400 889 12853 18334 30844 20675 3256 14896 16049 14242 29158 27271 
1608 28231 24568 15237 19948 17090 20117 24778 27406 9167 25681 20006 2951 11251 9588 15188 31359 25288 32764 4069 11406 10389 22757 19322 22306 34 32423 15926 5921 10955 9473 9587 27343 19154 19957 180 753 32762 17428 13019 12083 12881 2555 17309 27079 32589 25374 21810 17999 32026 
22980 8785 18429 18483 26195 6235 25336 3888 7118 25047 11522 4318 32156 29982 345 16533 25227 31575 7130 1222 2324 9126 28524 17364 16609 13985 15260 13093 19852 32260 9605 7288 26282 21669 22515 3449 30984 29354 28360 9618 3380 18937 12702 30213 30527 1776 25005 10296 13250 2391 
7919 24143 5663 27026 10371 512 11273 24091 31824 30115 31303 5424 6634 23433 30388 22217 27833 26511 25483 717 8536 28403 28641 16261 27195 10854 16755 27729 30613 24162 19362 11418 9848 23997 6076 7943 11070 6783 25213 5364 15145 14577 13014 24096 31046 22774 19948 31909 10903 2462 
11364 21806 30064 6905 21726 12132 12322 16937 16319 6825 727 17339 10292 2825 24765 6200 28276 17005 7271 16118 28485 23058 7024 13108 29889 58 28001 14182 9306 15906 18900 27342 3612 23091 14810 23884 16690 10876 28827 5495 2476 27488 5948 15596 15231 28300 4102 26343 11981 13869 
29892 9488 20839 20575 21612 24215 29073 1768 29698 7554 9733 14118 5818 17990 30522 26182 4445 28053 11749 26039 11501 16504 27329 7134 7308 12957 27531 17676 2714 26354 8529 16557 286 1651 31725 16066 12647 31039 3789 24977 24307 13810 29429 10138 29071 6959 2630 12750 29376 1916 
2048 14844 31330 9043 25222 19852 20111 4469 4705 8303 15042 31106 17032 3158 25148 8391 21982 4130 4519 1367 26109 25500 21498 12125 7986 29543 20124 11440 7624 22835 10444 27304 12426 9266 576 25137 9347 1488 15628 18973 32264 13983 7878 17343 17145 10128 3304 13749 14915 21353 
26741 18693 17577 17523 19680 15468 12997 8819 13865 498 15433 23772 21065 23234 31883 17731 464 25913 6209 11795 19405 20797 28808 24962 18670 11984 1836 1220 18920 2788 30755 15230 15641 20081 11354 8061 5996 5062 10677 24744 17534 26141 9297 8499 25087 8049 13580 25110 19034 22676 
22855 5054 12952 8060 8170 7938 24449 26589 10153 31320 13829 27134 21126 8009 10971 25541 21143 29730 21864 28691 29706 32237 10722 26712 18534 28319 7861 1118 5907 25491 16678 11369 14109 26679 32054 12674 13877 4358 7369 24592 28921 17078 16903 8360 117 31154 24835 6950 8425 9674 
31898 4093 30156 28201 10911 23499 20242 29064 9013 22833 21419 22178 24443 5345 13644 16616 2927 2040 20849 32117 20236 19599 25507 31812 12982 140 11510 27041 8920 19134 13527 31709 22220 13866 1796 18758 7931 22431 4828 14934 24133 29073 4057 27691 12963 2596 2907 5943 4362 10118 
935 20025 22675 9858 13359 10604 8410 24402 30484 12798 18339 3253 24553 8643 452 10562 29626 19243 29503 14076 8780 15730 4782 9510 25767 30998 23524 18521 9426 18574 5585 6355 21214 4409 12198 11026 19237 12437 31034 5794 29140 14769 15020 16179 10151 9957 28491 13294 31732 21440 
10162 6409 16363 21314 22327 20377 24348 30283 4231 20392 8506 5716 30090 26760 14622 30813 24205 23398 17678 23590 31903 1058 9280 2978 31547 1119 17818 32425 25896 9430 21436 26349 20638 24815 25152 14383 5802 20626 64 179 6611 25658 21529 9713 24574 10060 9327 22925 911 31912 
29298 23177 16337 2429 2399 22202 7320 16993 10057 120 32037 20129 8985 11418 5705 13781 13268 3234 4046 3000 15644 22836 21778 3639 17658 205 22773 27080 30426 11953 20725 6141 22487 15909 11160 3161 4153 28127 17931 9058 28220 26555 9480 2039 1556 28847 13564 740 4909 21761 
21866 26804 32439 25783 13194 6599 12130 5200 14391 18596 1638 5553 3336 31375 11719 32098 31932 30303 7127 18426 13019 5514 28668 21464 7834 11138 3251 8980 31999 30532 4821 31157 20039 21293 8730 11301 14981 5904 731 12770 10635 24711 7452 20597 4621 13702 24777 29352 17412 13622 
832 32756 12881 19200 13840 18489 32675 6119 15104 22450 21146 1564 31060 18215 13613 15052 30795 23652 841 23101 25324 3819 11450 21017 30978 17638 20047 7690 4454 23647 26169 14982 4476 21683 10165 14829 32256 11332 12779 12241 2307 18031 11797 26260 16688 28094 6371 4921 18004 18014 
15134 31604 10014 17619 5517 16899 19491 31978 17429 19777 5156 23791 7203 31737 1428 10529 2639 7288 14677 19299 29497 23014 25283 19252 7095 5078 6387 481 23603 21531 17724 24313 9038 22237 23287 20738 3017 22765 15492 9834 2470 8278 29070 31425 29322 29493 4751 1061 25958 28874 
