22947 29451 1504 23333 28981 28637 27154 11996 17521 7497 13736 29893 3057 16723 1834 16284 1175 1574 32170 6523 6688 19029 22519 30275 8188 18022 5139 9533 3165 11153 8935 1537 27023 8133 1078 1175 29063 15084 24272 8413 1982 26992 26888 1320 1344 22526 13671 28718 2815 19594 
14242 30244 20078 4243 5578 23843 5195 20648 6595 6352 19900 5419 22263 10556 2974 14421 22603 24841 15386 32122 27219 22223 26233 11662 21953 1469 22841 23785 7716 24964 32352 15943 6351 24944 18960 10003 28694 18136 30556 10469 26305 8889 1882 25673 28602 24222 13945 30914 28169 19651 
23573 13838 12546 889 26697 29356 189 1996 29701 11164 20167 2916 5984 20838 24343 16809 31279 26205 32068 4139 21206 21029 4597 7744 18270 3699 11416 2031 25800 4372 21847 14348 8353 5937 15175 11685 6359 13777 4835 12445 1483 21407 14522 14743 4775 28654 27748 4373 4082 23290 
14266 27105 13410 17264 22087 31405 24561 15665 12537 23286 5426 9555 16924 10030 7398 1897 30089 12313 1995 26629 22811 14712 692 6267 12643 3045 12510 30695 18077 24062 130 17777 32226 22725 11687 26575 4767 15175 26426 19980 1093 24956 19040 19848 3138 12911 10251 8513 12337 14750 
18636 28240 17485 28580 8936 29111 29228 30229 13997 15193 6058 19114 1286 6730 4643 13726 21582 7753 18917 30551 14178 21131 4580 31049 2810 5563 12208 1560 23865 13118 8101 19708 29570 8635 26977 13418 25230 2779 6268 16369 27835 77 11635 3426 6823 526 6884 11571 16894 14823 
8961 23077 28304 4151 10559 21541 24999 32242 19534 25200 7063 16362 23630 16635 9110 20301 320 32018 462 17263 9658 1343 8113 202 31199 28781 653 22852 8847 16461 5216 432 26843 8953 28397 150 32188 30680 23823 31287 9732 7105 1614 32204 25236 16483 30896 14351 26832 21220 
1233 12028 32592 13768 8246 27353 4824 21013 16863 12404 6027 17332 27931 12460 2651 9499 24225 20786 9924 15913 4059 29329 9402 6737 1157 22380 4832 18939 5751 4359 8442 21287 13247 5386 28325 5460 17139 24705 12870 9376 8646 19494 19520 24624 29144 30179 6762 18386 10195 25491 
8128 21729 4275 17161 21592 23146 16741 27475 12696 12428 9364 831 20135 12069 6848 28959 8481 15275 24720 30666 13839 28247 12137 9443 30486 4745 19519 29790 20462 1640 30891 19775 18454 15816 31294 15269 25798 27730 11286 3080 26406 6878 20142 11199 15037 11300 2554 29381 10284 5268 
21940 15036 8220 18818 15345 26418 12917 11142 10743 17188 1488 28707 17234 22464 25392 20134 27429 8303 10732 29777 30655 16403 16368 953 17518 7053 21030 9069 5528 32131 31022 24536 775 10080 5717 25705 23685 29596 31941 20465 15529 27965 15097 10316 15856 158 6260 12611 1551 10607 
7091 10929 7048 16893 11360 14821 14716 22451 9672 584 5568 10465 28047 12607 19763 12221 25250 339 27214 24232 14446 30864 14844 29106 4688 26154 25260 31071 29516 25447 29093 684 22017 23480 21146 77 220 24617 25983 22841 27277 18940 9883 16488 17079 28817 7389 14811 29420 30346 
627 28894 11224 29228 23449 17290 21180 29959 28591 10125 25375 14041 22671 19502 6336 26544 7197 7563 30158 27983 1056 3365 31067 4051 10320 17311 6671 22934 24239 8131 22809 11860 1565 9926 363 23948 24359 18893 26407 13353 26401 9391 15188 20834 26996 6653 18390 17119 15160 28736 
10141 11293 21766 21633 20252 32019 16135 26127 30973 31766 849 12156 19219 9978 6772 12521 18320 12154 1615 24451 24184 5849 3881 15950 13141 11466 22269 29730 27437 30094 14100 755 5809 15196 7129 1109 3255 20229 21226 3902 18666 15320 32619 11022 8896 29379 10399 29646 28845 12476 
5817 21429 27543 9311 29167 30193 26249 5849 22481 22180 11947 7172 23257 5164 10098 3539 8259 26023 30484 22257 4126 23222 22335 20645 19364 18562 24074 14329 24007 2045 21292 32283 23052 26987 25963 30723 23964 288 21592 12630 9881 12683 25146 26251 13742 5747 8776 27212 11754 13697 
30491 31263 26318 6143 21858 17989 25764 12767 7896 12514 11027 14847 10611 2143 7665 22443 18142 16653 25688 18788 24618 29195 508 26847 31169 6505 6843 12369 13211 27533 5238 9450 6580 12758 2848 19103 22717 31872 19220 1325 11025 11208 17836 2651 4588 5200 13327 18815 11991 17092 
23626 27715 20839 8894 11427 21673 3367 3303 8489 15437 27603 96 10128 22763 4039 2912 30012 10784 23222 10014 924 21621 27807 2801 9913 11673 3837 15029 29199 24046 24639 21618 24475 15175 21367 24888 27957 16625 22614 11597 9248 18672 16216 27531 16096 27274 11836 10243 24907 8714 
14519 19942 5859 9662 29033 17574 2915 3138 1808 26712 12696 10240 16892 24925 19570 15352 30147 8001 3675 28093 15157 31459 17095 6336 1682 17366 13837 26321 28155 15624 20341 20963 13351 19617 4498 29456 27479 25390 29906 17117 17548 24063 20563 11966 24311 26829 17656 10205 11185 8865 
24253 3863 14764 2544 24647 8775 32234 29707 27840 20168 27628 5047 993 3381 29294 21271 1104 10867 12369 1235 10285 8690 30169 12403 12263 27951 26136 32268 12117 27774 19626 1311 12546 19718 31651 702 9160 4109 17862 15088 18080 6006 26872 2391 1720 23431 31988 25872 966 11760 
14911 23515 11933 11785 11615 18556 13821 21084 10824 18529 13744 11107 5143 13444 23506 17299 19714 8595 30833 16537 25231 11087 11094 10723 18949 3890 9249 30818 16672 23124 10396 21390 9993 11919 21833 8107 24965 25313 19517 16715 8813 787 17969 14869 8542 29336 14807 708 7601 14008 
3434 18035 15534 11246 1673 25367 6140 10894 27717 21325 4188 24234 3961 25942 14488 22327 11610 25439 27829 4204 24654 4358 26992 32107 4866 8731 30697 21795 10678 3747 409 9845 21980 26659 8329 30613 18402 5147 32710 29876 13132 4048 8208 29148 22789 8526 21714 17435 3063 6574 
3415 13795 25561 3221 15930 6833 4680 8445 32542 17901 3610 24376 12448 26897 2287 8241 16010 7438 25352 502 21065 6892 4445 1395 2466 26544 10729 14720 1440 30594 2633 5919 26065 3087 19589 29438 946 21037 32302 10308 615 701 19881 24714 1711 2774 8650 7462 11032 32544 
20389 26032 1135 24189 25248 16319 19067 26607 10957 21492 30955 1974 1399 25658 31884 8120 5115 30539 16575 12070 21721 23927 12587 7517 21259 29345 943 11274 24470 16778 24218 21650 2398 27730 12063 5297 18238 32315 17411 28257 2136 2737 153 7933 7850 15751 15344 20902 14307 16516 
8267 20710 22644 6686 7889 31635 3305 27013 19334 246 17786 9187 13690 10285 4061 14050 3905 9934 9055 13424 15266 19149 29491 27583 4755 31648 15114 5007 29286 22176 14820 27055 28989 27315 3877 27585 17091 22312 28139 3391 9758 20962 6815 3771 28703 22713 26314 23147 1468 4637 
7978 2532 23233 8444 8198 31014 18626 28646 958 2777 21076 14192 8102 470 9853 17366 17172 5097 30824 15844 27832 6613 32605 31510 27180 153 13041 6398 5580 24562 6010 26598 9928 23073 11974 26807 18296 10478 24845 25113 26095 31725 29219 20700 29394 3072 22258 14231 619 2077 
32552 4494 1017 16210 26413 27865 842 11270 1624 28611 10380 17537 28002 19825 27233 13487 10523 28100 9777 25888 15707 19583 4804 29524 19516 21421 16656 32566 15750 13629 8015 29158 31339 2032 12885 8635 4469 11125 31009 30601 22204 14290 11954 31007 21596 31749 24092 23828 7974 20459 
31962 3012 25494 15714 32614 12693 16133 17578 7175 18047 14624 16402 12266 11979 29081 10960 31349 22810 22045 20272 8920 32170 29829 8177 15333 25301 15696 16619 14881 19162 19025 758 4123 28384 32165 22280 25852 11064 3304 31901 6496 16611 19624 28508 3684 20564 20506 22519 25344 29046 
12556 1107 7064 3313 5147 10985 26573 23210 15654 32108 31385 10632 18435 20139 10395 21630 22896 20410 16559 2246 23628 10316 21186 16746 7943 28260 22757 7177 25943 16685 30367 27352 16940 2853 17032 10215 19943 12161 19987 11686 3270 9934 24492 22695 6563 20180 4867 30373 26847 29119 
21415 9926 14233 18561 26070 3869 31523 31858 29076 2931 25782 27705 17402 14663 19812 14320 15057 1299 7759 22659 3679 7377 2329 18009 28033 27582 9371 29495 8186 862 16858 7009 8971 5568 3382 12802 29764 25859 20453 27853 32409 19481 26016 13029 23992 17611 15004 29434 27546 3837 
26044 9397 19544 23860 13061 31063 27713 10837 12882 32669 9257 7344 7753 16102 30723 6716 12173 3479 9139 29220 12341 9919 27165 16259 25470 17143 23170 26988 5564 14477 12 25646 26775 26337 12199 6102 12147 28942 26643 4085 28720 3021 30775 22691 23572 25239 24505 11459 21765 22538 
7627 22921 21244 9614 25160 31546 15798 7736 21759 30515 3757 6383 26447 22317 20294 17869 25588 27071 18252 29383 12576 19492 28573 913 30925 16703 32035 8380 11090 31196 6150 25122 4149 12857 4896 30851 22849 18629 14258 6768 27608 12839 31061 14440 21642 28290 9779 15426 6374 25592 
26486 22474 23439 17005 9729 9903 1683 21645 10078 10141 28665 25104 30456 20646 11417 1852 28555 17126 1329 9644 30936 24935 16820 21073 19869 20290 16101 25782 24004 6407 549 2952 8411 3423 16265 2645 27844 2288 1584 1172 9390 14721 1748 31206 21572 7263 10398 22427 2851 15359 
24639 17272 3218 28900 32060 951 10093 10691 24969 10320 19043 32486 22362 22903 10338 5326 31030 28518 334 4636 24653 14172 25337 11442 3339 2534 30288 4629 15853 5725 11474 12053 10388 1968 25159 6833 18712 26211 18094 10293 15262 23512 9335 25765 21549 15054 22258 862 26813 28967 
1288 32251 401 18158 29737 27510 25543 3736 1925 21135 10798 10890 16255 31602 24663 3036 19806 1172 21487 3677 3910 16094 4171 21975 2152 5389 14405 4244 10613 601 12871 17184 32088 23636 23205 337 3620 29718 12336 14469 5707 21143 12040 28459 21010 5212 19889 7557 1345 10326 
20585 939 2335 30215 26297 8404 30365 12006 18251 12241 16594 20229 15867 19674 21415 4337 24624 10381 2772 22745 23405 27700 5387 23283 4643 13127 6002 284 31434 15922 9559 21439 29999 16983 24608 27127 2576 31575 21376 9464 18662 24973 25073 15019 14338 10716 21854 21400 2779 29355 
26655 16393 4775 16941 23083 2156 7464 14822 26249 23802 13769 9067 11528 10390 31977 14953 25648 19192 2423 22504 26488 15882 2239 25297 30138 10898 4227 10670 13283 12306 22350 2482 18415 25580 18181 1785 8213 19402 7615 14864 14910 22333 4310 14008 32700 7333 9791 20455 2361 23888 
14358 23824 24301 5350 22141 25764 2325 6148 31655 20441 1184 1575 17968 2986 28715 4812 11696 15135 1327 27093 25999 24270 12665 13103 25115 5538 25819 31154 13271 23259 26402 31048 11542 25942 19015 6226 1481 3087 19690 4167 29078 21476 16635 2462 23594 2716 19131 12015 16335 4903 
3043 31573 19009 18215 3874 18454 17341 4528 1997 23942 27740 10060 14803 2856 17311 32579 7663 2839 28235 29209 5665 13476 11895 8535 18014 16961 8675 3215 25991 11934 14987 30618 6808 27921 9596 1572 14882 315 5095 12395 30715 14825 6772 30019 24883 4920 6872 27998 12875 1021 
27562 9162 23970 14947 12914 22459 22064 3030 9220 2955 29302 7200 7948 1279 31669 32722 21737 8908 15711 24038 29887 11097 10443 21666 3271 30919 24876 9664 5610 9775 17348 28107 23951 8746 16469 27340 16817 19095 5593 5670 29492 30104 18290 5567 12921 3038 23972 18528 14896 6183 
18370 29023 19565 28676 29094 18299 5630 23008 24997 27399 23549 21566 29379 1867 10145 25154 32546 8999 25689 371 3777 25849 9244 11455 24163 19905 32250 4288 21196 12163 15096 21821 11315 25325 17690 8180 3573 58 3265 13462 11911 8022 22583 22036 17326 25411 12681 19737 32498 21691 
26261 14295 11856 20503 20323 1799 21807 2671 20153 19499 20885 29187 16617 15639 24987 28121 19694 4271 7454 16552 19383 6386 14264 4853 14787 15928 7918 26748 26350 16311 18603 1233 22667 23884 17902 839 4530 20089 28095 9745 13787 10922 13415 8359 14764 9916 736 24940 5648 19391 
8843 7821 12681 2811 4385 10796 29639 21298 20716 20926 14201 2853 2359 19633 3683 5465 2819 32338 2993 16667 3579 3823 2187 19650 14762 8248 5865 23860 20204 8427 5801 3756 1442 945 8415 698 29354 23875 15724 3979 2575 11728 5842 29802 4476 22947 8262 14215 5879 5377 
25095 4343 16331 18256 24559 1789 966 10623 20039 8072 10405 9121 2272 19196 4557 11739 95 27701 14396 14465 4569 8650 24254 24444 31904 13454 22116 27887 27228 20317 26418 28442 15709 25621 12568 25982 6447 25058 6436 18753 22895 8383 5877 29909 27358 9785 30323 11989 15028 10102 
25021 23599 12343 27767 18275 7560 25739 30874 28886 23516 3276 7267 23836 2149 19034 21627 13256 5055 21876 6649 25642 24649 13833 2017 17603 13262 32458 31210 18171 27749 16004 2181 4887 31893 7085 1562 8293 29373 20029 24981 7609 4019 27583 4641 15901 12460 14759 28723 15813 4188 
31206 8139 13121 9054 26044 28663 246 5077 19149 21400 31439 8276 32376 22376 5168 25083 7012 14652 10796 15843 15707 1159 15863 1469 12124 22560 13214 2997 16363 14661 26869 11677 12204 6111 14545 6983 28208 26631 15992 23602 6415 29898 27990 22633 28983 20521 20722 26793 14979 1124 
2336 12738 14736 27257 22135 20287 17356 18919 19205 4425 5583 9655 29506 20937 25583 23229 2883 9421 22798 29468 5168 26669 30647 21256 24056 30318 4458 8912 22851 230 18483 6683 17833 21793 20097 4209 4129 4484 22838 30462 30140 3376 30715 8083 16019 30506 18390 29934 9469 28856 
13310 2107 15622 9998 14574 6107 28701 12329 23992 29539 24845 12028 22428 24808 19503 714 3033 26490 14301 1491 25539 8942 2345 7986 10006 1249 20687 11270 20618 9977 25705 976 4263 4718 6114 7196 29403 8393 11053 3940 22730 23020 16439 2865 16357 29523 27930 27011 1342 21657 
16019 31091 7066 17726 16054 15127 26568 10151 21472 4774 14130 25958 3054 14044 1202 28860 10156 24224 32679 32604 31376 29157 2375 25202 29353 16846 7223 8164 23762 3093 21081 12504 14635 19885 31973 2422 13258 10406 699 19951 5549 24914 30967 22718 16883 13990 10694 30254 4940 6626 
32121 31004 11695 2421 31192 3326 6219 4890 19385 26916 13247 16712 3793 18750 24717 30665 18377 20255 27084 936 17556 12736 2078 25169 22273 23944 4322 1012 7564 27082 9643 3370 20090 1936 30704 23515 14629 19863 29957 21343 29076 1434 28233 13283 23118 24275 4514 271 112 10688 
17958 15334 32254 291 16667 29677 22135 1100 26402 29583 428 1690 19887 3008 6353 22592 28860 17121 22997 3141 28863 27363 29935 24527 27865 25264 22650 9888 19792 1734 28418 24801 4671 5413 927 24094 31372 2156 16513 4499 5915 11839 31693 31654 7745 31979 18088 19636 4988 27725 
29328 9488 5985 22000 243 5705 29653 8309 12538 18860 14464 14904 8102 28682 31615 10032 11807 24252 4697 9751 8777 32227 22325 12491 13719 27636 20042 23541 1572 31349 16278 23016 7680 26625 6355 9420 1223 31634 11175 5115 3961 25856 7195 24747 25221 1732 4942 24014 23079 3330 
2667 26422 19700 30151 16856 19453 23732 28303 14512 14372 18799 11018 14452 24954 31435 6431 18685 31679 13205 5682 8373 14346 9117 2466 25863 21352 19399 2198 20244 30918 26719 26362 2216 31249 21933 22980 21868 9371 8905 3708 23645 13505 18097 23547 9596 11467 11161 28787 8135 4883 
1154 8367 17257 23402 8462 15516 9262 32695 13203 3337 2105 3041 15726 24235 22265 8431 5530 15972 29785 13166 15745 19140 23607 2323 30737 16081 4632 14754 22291 6659 14618 14094 12984 2451 26666 8418 16245 30454 3702 26335 13841 24484 31781 32487 16893 23069 25414 12826 10723 27694 
25863 17726 26241 5744 32552 100 7096 14611 28079 22984 10208 13785 21724 18426 15711 29541 18271 32571 14970 9654 31945 7722 13163 32751 19521 3488 25267 13145 16248 6104 29617 24490 20959 31443 23412 22664 12311 31226 13262 25673 2984 13062 19625 22525 22263 14877 26526 13486 32114 16701 
20932 10726 27662 20190 20422 8562 32243 18387 4153 14438 8565 20594 6188 18785 18759 18676 24064 27666 32235 26911 1658 3579 9069 16162 30742 2165 18257 5568 14494 22517 2762 1456 18684 22669 32045 13892 29517 11190 31396 4426 16182 11084 25383 28208 123 3546 15784 30827 13261 8216 
7054 21784 7652 14258 20581 19428 24782 17227 20948 30506 31623 7106 21455 16220 26569 31412 29965 9636 18981 14914 4029 8651 26707 16916 629 5977 22983 17821 1387 9726 9860 14241 24551 22832 18485 5877 4600 31510 16762 30855 18023 3749 16256 29342 8425 13577 31188 19810 15512 582 
17529 7326 28324 1311 2104 9925 8518 1591 5431 15667 23286 17014 973 27062 17886 9390 6037 5453 19342 17022 22721 3119 6385 8311 22449 783 7808 382 20165 415 24757 17777 5743 22099 11459 6926 8076 30567 1412 2320 26612 29987 23731 4762 7503 24926 27739 31449 25131 20545 
17551 27622 26956 22093 24924 1257 23363 10143 23804 4996 14915 15475 4684 31855 14383 7912 17281 5983 13047 17923 6422 557 19237 8693 3336 12084 18611 15777 5702 13051 16928 6489 10339 5396 14787 8936 23439 10307 9566 28374 20677 11747 5110 5863 9798 18566 26082 25061 4165 476 
19235 6303 27108 26582 31731 11314 21087 1290 24480 4487 10887 14426 5531 30237 1651 12240 5324 12809 26482 2765 21801 6971 21059 26467 14215 7682 5513 24319 8112 16083 21625 13899 29877 26950 10710 17490 31622 12385 30495 21734 16319 25625 13319 2622 32453 8214 21029 484 18706 14263 
2285 16591 19917 9046 7647 10955 1182 21197 31998 2338 10688 2360 13700 25717 16472 9725 11988 13803 3845 32522 10672 13198 19128 12382 25004 15345 25542 1227 25314 9494 10555 23546 26600 29328 13938 12719 21503 14053 24290 10830 7565 9270 3131 18591 15566 4130 17074 12494 29382 28391 
16280 7350 31866 2506 26162 25950 1631 29882 28357 17860 29715 1840 3056 15066 20555 23641 31294 9423 30989 7799 11772 3471 23583 8581 4936 14477 22463 4377 5227 24512 5012 13711 23145 16875 26085 5220 31702 26146 6409 28640 3562 14474 9502 27128 19416 25696 12798 20082 18524 3901 
30063 18506 23955 22936 16794 1621 20240 18572 22463 4900 21036 31963 21286 25643 28829 23348 16473 25634 31051 2481 13456 31916 29535 26276 31085 25399 18332 23699 8425 11555 5106 14209 5519 28454 23888 24431 31464 27631 5051 7203 29238 5641 7325 17960 5988 26883 22367 2326 19006 24014 
20537 6932 6110 32358 5449 3482 22630 23732 25059 7036 21749 28852 5161 6180 2515 8659 8411 25630 22767 32667 31088 2779 16524 28049 6245 28078 27191 18014 10197 8219 9724 14894 30282 22865 9689 27734 11731 7925 3443 5177 342 3361 10760 9580 17448 24493 26277 17176 8155 8365 
20633 672 23639 8250 16425 16772 28204 6518 31109 4742 16167 10442 23035 1547 25892 30578 25963 20931 15138 16444 18427 7052 4253 4492 8203 27540 25368 28836 9324 2494 22009 16930 31436 19016 23705 7114 21109 3498 19100 25478 5944 30657 15998 24491 20643 8748 6767 7294 379 19959 
32609 19191 7014 22646 32351 31941 23271 30580 29728 24977 8079 142 17116 27015 5234 16345 24158 28947 15577 8651 24155 23016 14646 13400 2818 13639 22621 17243 6100 25470 18672 5176 182 19631 32539 1215 15684 5842 8834 4436 15977 31997 6264 1613 27180 11235 32370 24732 2509 18332 
10427 8622 24081 32420 31081 6803 19930 20005 9103 29278 25338 23417 11956 27599 2377 1770 20100 11823 17398 7101 25286 5500 19738 16752 13198 19910 21395 4671 15796 15833 19215 31469 9092 1308 615 18368 5559 4281 29743 718 18595 3070 1419 1911 18862 12292 10051 28467 18696 13966 
3354 15246 11162 29747 28508 24944 31033 24000 2743 6562 31520 31960 21067 6798 7837 6109 2052 8006 28682 4372 12072 24520 16895 16643 3372 24193 21702 20510 11468 12047 4623 21411 5979 6731 12517 12739 14423 17287 21985 4354 8000 13076 926 22240 5034 27144 28524 31161 12178 25405 
3657 10730 29678 9629 28173 5685 2951 19357 12004 20327 12299 9224 12545 3895 25950 20478 19089 26226 32562 572 6638 5717 9431 17310 18454 6458 18260 24801 20315 7800 15798 26030 6748 32132 31656 18644 3891 25692 5700 11734 23280 17701 2857 24485 4423 18194 32206 26798 29829 16009 
24342 27671 31176 28801 13092 9286 23920 9519 26992 10916 23505 19937 31514 27808 25130 16938 17279 29174 19419 22591 18187 22577 32722 23713 23630 10094 583 11516 27473 25700 20137 31311 14122 929 3544 30286 26062 8726 31892 28677 14887 9942 5686 9149 13414 12827 22429 16931 3227 32138 
11884 29351 15234 4536 26739 21795 1440 29932 14186 18109 15503 14119 7397 28174 10903 32609 21124 21124 23678 32278 618 772 15776 26881 25585 4052 14914 25640 4252 23481 23587 31768 9550 2140 5460 5490 953 498 11594 30118 18456 28188 1074 18687 18209 524 8324 18912 10293 1002 
15067 27981 28635 31606 15364 14508 3692 21998 24916 9421 18192 306 31551 12841 744 16934 31271 4711 25741 19032 15730 2853 12218 20707 22751 30196 22853 12947 17434 420 21332 23881 10382 6339 27085 2721 16762 4448 17166 3539 583 2580 22751 14551 30489 6212 32164 7373 5028 11168 
16856 10651 25665 19183 19894 28888 21824 3599 825 4073 1152 31031 31815 1385 20798 7552 14633 30159 7723 8868 4927 9034 31169 7685 18418 7408 8406 23281 12265 26904 3954 30756 30336 12036 5086 32398 25974 9156 6141 21847 6373 15958 5343 14113 12152 30482 25748 3213 19160 5702 
26174 20480 29799 22045 10346 24231 14897 23493 3489 23224 6176 19408 7993 763 367 32219 625 9098 7776 4974 17342 981 4658 30244 27743 30184 23885 268 5687 27377 12225 22862 29148 12540 16366 14866 29420 15874 31108 14237 5792 11298 6319 15805 30883 19246 1419 19816 10788 27497 
990 15776 32554 17807 2822 921 17959 9238 23088 17950 7633 12724 7371 16433 23853 4385 13117 14066 16876 8734 29652 1730 22779 6070 30719 2983 21846 17348 18878 26866 18717 15285 1367 29728 29929 14991 17227 18175 8544 25650 24200 15634 14087 19935 27360 24629 2136 28662 28602 2180 
533 25860 15111 13178 13787 6652 24696 22102 29434 21445 14574 12227 24964 11765 30259 23735 21412 30429 7911 13468 16689 3269 1725 12462 8579 8312 5863 25252 6022 260 31438 16018 9228 21691 1287 15374 21096 25469 24706 4754 4920 22074 25093 5409 14722 4018 3545 28973 19971 639 
9668 21689 11459 10326 21303 16315 8429 32394 16839 1220 29406 11217 15841 15586 7292 13131 11194 12998 6089 22720 27270 2338 31672 6698 30698 8277 23359 25203 26547 32586 6829 22911 968 17309 12094 30061 10333 23808 31980 12570 12394 6110 18057 3047 1628 15166 25611 14013 11530 15849 
13095 4686 21738 22223 30241 25245 20869 27815 5346 23488 808 10454 29771 27620 2269 12690 22473 26259 20121 20295 297 30002 19383 313 686 28878 1445 17772 30561 2328 10974 6081 5545 23725 23064 27745 20507 26267 27070 10590 30867 25889 17312 25496 6532 7607 10474 25310 31116 8782 
29266 12630 32076 31705 8342 14879 23414 24076 20774 15156 22311 18532 27421 3732 29816 14439 6262 3744 23376 20781 24445 6596 23676 7199 28803 31065 19713 18175 31702 12234 11184 809 9201 29174 17660 27160 24559 20438 18697 2859 25158 20576 2053 1705 22449 1195 18619 23044 4718 22099 
28005 16730 30122 5407 23234 21057 13626 2017 21865 13252 15755 1182 18781 6057 22492 21487 12257 22774 24234 25511 1934 25523 5740 3254 4770 18928 32385 28750 20379 10762 11879 12356 24581 18987 4909 1720 20880 3344 8491 248 32101 9231 19952 24994 29114 8792 26236 28169 6564 21883 
5552 10970 5933 1834 12034 19456 935 3136 4469 23492 2624 17667 14025 23865 4310 29350 17134 28119 25356 1555 10175 10854 5021 19431 12525 23326 2032 6589 3129 11020 25069 24751 8679 28343 15376 18714 20847 15876 27579 15266 26229 25943 15825 31606 23035 29179 24960 13781 13270 24004 
30046 10962 8286 7666 27320 21332 3690 6489 13094 10336 27004 18879 27747 28571 17464 3206 32348 12554 1819 26251 24455 14877 30569 16205 29558 20972 10855 22354 14252 704 14539 32198 12975 7381 18033 18790 22879 22110 12879 22684 24197 11466 683 23787 8367 27462 24971 30094 10812 31363 
15726 7516 30643 23993 25145 12271 30809 236 7796 18949 32002 15470 18614 2342 2343 12709 14686 28296 14905 25870 3204 26927 14645 14722 16432 19288 27257 12472 713 12056 20438 5388 17872 3649 20710 28798 26830 4485 23967 29950 4234 23262 7977 14823 32384 20269 10989 29385 31887 8993 
27631 875 12530 12122 13917 5392 28273 20430 14696 4346 21720 21100 17234 9261 21929 14592 3016 12405 28942 21079 30835 20138 16145 28323 4042 17971 6415 13088 3626 7625 30570 20728 20776 10621 22399 9061 3366 14845 15832 30997 292 20755 10402 3282 7385 32622 1633 29026 19714 20389 
1250 29868 25083 25209 19569 15901 17548 8283 31565 11338 27909 9262 30041 13783 20621 17229 23572 20887 14519 22224 17099 10740 14678 10763 29454 8082 14483 12888 21856 24367 15676 29719 21042 3790 30559 14578 16147 22036 14104 31590 11297 17906 17831 11134 9667 25476 21701 12514 16026 23097 
30777 19985 30132 6453 23974 18667 19715 24563 13991 31858 9230 32303 2333 14289 10983 19203 22984 3742 349 5968 25877 32348 22130 8031 23095 3396 7184 16328 19577 17989 8951 29075 20179 13897 13050 20894 28091 20154 29547 14142 31549 20804 14292 7721 24910 10461 1255 26516 28254 21507 
25016 13976 20524 17477 18730 27610 12510 22277 20391 1131 10833 19324 20757 24557 942 23039 15109 12792 27966 20608 18221 8892 11903 22615 14872 25319 31351 18755 31260 14025 24136 11691 4749 15541 32261 23594 30512 29355 5060 19019 7154 16181 25844 31889 13530 399 8689 14267 12861 27914 
25558 22341 19761 13234 15507 27954 14403 17455 3391 3849 18541 7913 5807 29726 10818 1648 30791 18706 30572 3866 4368 23709 16472 20974 30475 2443 24112 18112 30917 517 8458 2462 23852 24594 11871 3947 21921 8030 9150 3530 22094 25657 20929 6718 18618 13282 9025 17551 19610 518 
1222 12399 31467 14212 24641 29277 24381 5747 254 13258 6994 8038 29652 25210 26855 23534 14239 28462 28114 12897 20976 24448 5709 9946 7170 14094 27026 11649 23536 31706 3240 29197 32294 23025 26492 14471 789 10827 8243 15184 29996 24819 24767 10853 31491 9831 6832 12258 23001 8258 
15693 7621 31808 11544 4580 10485 20759 6050 12894 21891 5817 1307 19990 30767 26228 8937 12524 28974 5181 22400 16533 1066 13985 31364 25653 29067 27391 22573 2607 13557 10741 1008 16443 3345 16408 15964 4538 12433 16104 29250 8263 21614 31235 3352 10895 26484 25752 13983 30050 9985 
25375 11204 19210 28938 25927 16580 1243 30558 23600 20116 21259 14383 24795 3968 14020 24526 7903 12050 25208 30646 22365 4405 29813 1740 4149 5274 16313 1765 17274 21595 5895 21385 8996 11487 20026 30199 17669 2045 26074 29288 19199 13412 5357 31384 23411 19514 9487 10627 32252 28419 
21701 11372 12382 21189 13327 32036 18361 28777 12092 4489 29187 20325 15362 9293 27572 13464 23758 31481 15811 14453 28249 19761 6098 2148 29564 12601 6822 22373 21317 12728 9945 16887 15690 28860 979 10552 10301 31743 29430 18765 7873 13929 793 3844 20092 31445 14392 28856 3438 23576 
23401 20086 18817 9791 1810 7517 5729 1305 17242 25163 19853 29686 18141 16310 29871 23213 12196 6871 24105 31716 18516 7182 14320 6283 11685 3714 31901 27818 26646 25352 31425 26973 19936 23110 26233 20508 16680 6680 10563 4928 7800 12850 25616 8131 28528 21511 22427 29768 13753 16874 
9976 10587 25147 14707 10352 20217 19600 23845 14476 17235 16056 24909 17264 26319 26894 45 30826 20816 21114 31066 23499 27831 6377 8291 10998 6314 5626 16051 18102 15252 15354 19641 6101 25836 16147 17990 8682 25787 24256 7734 14450 31832 25476 5458 2594 3190 9436 30837 30332 25697 
11122 2542 24993 5765 17299 6694 31334 30256 5091 4995 9897 8857 3152 32139 2534 17184 16708 15181 23045 22743 1823 2300 30326 18754 25060 31966 30080 1627 7474 3940 7126 30681 8311 28315 29292 2482 21344 8387 28296 991 9876 14908 24604 3935 5281 10922 6739 3198 12086 25937 
2666 7767 3220 26817 12481 3992 10559 27064 12338 29829 4601 9540 26529 11840 27120 7720 18900 13127 8503 18817 26501 16702 28531 28329 24502 23535 26327 15964 10821 15759 13138 25881 28864 7234 23046 7371 27002 26850 3325 425 26847 27388 26391 11867 7428 24092 9287 25438 10115 29771 
10751 15785 2437 25045 29673 16529 5664 22096 14552 14058 24292 1753 23550 12143 20144 11681 32351 6244 26314 8873 17541 15993 21039 29129 9334 13042 17192 4599 20451 23813 20254 8646 3746 14979 15535 19757 7519 5051 30722 16522 25742 9884 8535 19686 7075 3353 27106 8571 11398 25298 
13017 15987 27457 28144 8908 1267 30204 20304 9525 2136 20780 32229 2128 1217 5127 4439 11564 7885 14651 8176 32258 20646 26591 13241 7879 10302 18602 6880 3069 15064 15203 5981 7118 29131 152 12757 5467 5250 11155 13247 21074 13256 28810 3269 7870 23106 8982 10093 19236 9789 
30950 28920 9419 12459 25781 6283 18523 25959 7545 18828 682 12481 9694 25935 13266 9782 26610 32754 26759 1151 14626 9349 7591 15054 23141 9326 25107 21332 18615 30220 19134 26374 29129 26267 27907 32417 8439 9048 21308 1259 14458 24037 8080 11836 2783 4078 20748 31038 26807 8717 
24309 11505 13969 31211 7773 30706 7973 13225 9717 5372 13778 2686 9250 6319 7499 13473 23379 19600 1677 13929 14481 15186 7188 28850 14424 21076 11598 28292 3493 15466 11856 13807 16208 23008 24520 8249 12188 31164 13106 32060 16909 14404 16207 1545 4985 9920 22739 25297 30818 8321 
9054 18438 13699 28962 11950 28349 9897 12302 29715 27735 18372 30018 18467 11616 21566 19285 5294 6071 28811 693 28405 6127 4610 18995 24086 7670 6379 12482 26059 19700 20697 29819 10580 25206 19258 17125 15026 6348 18476 20084 27158 2223 8594 23887 10649 20008 27751 13654 22829 29869 
17491 2404 3796 28300 30076 19409 12048 7053 30879 2620 27034 8914 30047 13959 28246 9219 16093 290 28295 936 32392 10381 15936 22230 311 25112 10779 12814 23157 16366 21804 24418 21019 14417 13112 16345 20517 12839 29475 23573 15038 15030 28072 26675 31389 18604 27725 16115 6548 12386 
23701 6169 12134 11617 17271 32275 4314 9510 1295 18139 29965 1826 21652 5151 1292 28165 24714 7840 2466 26172 3896 20696 11119 32184 24413 29919 31034 242 16671 31119 10377 2348 31556 4839 17518 16377 28836 14765 16035 31743 23006 20055 5849 6908 18251 25388 3150 15623 32560 29095 
3486 17689 3128 32540 23259 17099 4129 29853 3551 10593 11957 11807 31969 30728 9468 1241 11079 14172 24752 22765 15547 28717 11249 24138 7809 32643 16698 12497 23304 27615 23444 29623 19391 8132 5897 42 7465 11638 13660 26423 22836 2 6903 19179 27591 7550 6181 21176 21914 24210 
21121 16155 330 16184 25263 24700 28333 11455 31305 30038 10339 29974 9756 13207 14253 15175 149 330 2690 5442 26742 8307 32736 14044 4045 21050 3681 19991 30503 13644 14606 29860 10497 25471 18039 23206 18815 4789 28164 3769 20065 15618 28550 1843 29490 5137 18705 20650 15810 17347 
32526 1462 9943 18458 10892 29687 15136 23126 16855 4698 18538 14685 20300 11417 27414 20832 2667 26625 4043 1724 1838 1400 15720 10270 28569 1214 15165 19435 31635 3315 26490 7391 6900 15962 20967 23028 1503 20828 28374 3461 10066 9936 30295 16307 5627 11641 17322 10248 3918 16592 
18682 8794 10452 25860 27464 27378 11206 1088 23205 26094 20186 4396 15012 30180 16989 12982 12047 9672 17026 23826 8409 10768 9210 31743 20308 32021 3780 4685 420 6845 23367 29340 27764 8023 17822 30054 8167 19910 27443 20544 4561 16610 18063 29276 6184 19483 7536 2643 26549 20320 
5404 6433 27407 575 24822 13937 1482 31309 16207 27164 6124 28872 14462 16108 21920 2939 21555 29349 18223 11490 14600 26438 1323 3983 27225 14732 1262 12492 6230 8376 2371 20098 13910 31634 2914 31833 19311 11950 12322 5153 12611 14318 7530 1393 13596 6984 17384 18573 20284 3273 
28934 30861 25710 31706 15642 22716 17889 25539 10717 18751 25398 1389 1311 28407 25304 28268 25529 4776 5260 28988 18626 31578 29257 29387 19718 18431 9033 12600 23219 3159 13664 26587 20822 13585 141 29829 9734 30515 26831 25097 21471 20155 29241 31739 12467 20614 23369 20407 31227 21362 
12662 16037 11796 13504 5128 1468 1448 15292 6444 24133 8554 24735 2376 7138 16390 31412 25740 27598 4183 6586 26314 6502 29659 3722 32135 31721 17765 26361 25682 29052 30738 24832 23380 2929 8830 6426 11305 20424 19000 30702 28910 13302 883 9006 20891 13542 14590 30143 11155 12350 
12406 17178 22394 25315 7866 27122 327 12479 24735 31255 18074 6594 11237 29082 3919 38 19562 21810 21587 9208 16798 10206 18614 30676 20535 1484 6402 13040 23590 26234 13516 17499 7881 18971 22152 2951 3426 22076 15778 31238 968 9639 20170 657 1884 20359 3727 31054 13887 27086 
10799 18771 14018 2772 685 9062 15134 3648 28197 2566 28006 8492 9053 24240 22457 22916 924 21595 7356 23727 14015 27461 5191 22898 19849 23025 8287 22801 24123 1904 20069 11191 20324 31457 6284 29719 17659 25652 23441 5716 25515 8755 21670 3614 24174 27074 15279 28703 605 29285 
19888 6805 13511 19460 23430 22848 6016 16875 12502 126 18299 28437 26436 17333 27035 26538 31205 19185 31175 7110 11510 19406 4157 22396 7630 10649 4392 1051 3857 24754 31348 3759 17703 16692 17377 6091 1772 15576 1366 20614 5801 19479 22393 10436 14148 11919 8828 12983 4531 2728 
20281 24485 3766 12407 3714 31211 30918 995 10930 66 31304 20998 6024 17985 19463 5590 13366 32291 10209 28676 29620 4043 21441 22052 24410 24837 22733 15631 10158 29455 15072 17029 14203 31064 17466 6679 32035 19847 14710 16708 24117 25791 2493 16099 2370 10785 20282 29121 6637 25235 
13261 12938 17218 32192 3588 19693 29769 30816 19015 5115 10970 13242 29778 5584 26802 26215 29929 12918 32455 2648 22470 6662 8921 27675 11735 30224 842 16217 24486 16957 19759 23716 1049 6195 22695 3183 3931 29369 28524 862 28186 11292 24999 29633 24819 15313 23817 22619 11306 30555 
14871 23655 28575 23152 13253 1245 15101 6743 15687 32497 12853 2196 27172 14300 22059 2247 7308 8672 17838 7634 28139 19078 2734 21050 1470 9771 18345 32720 21158 13498 22887 14992 22970 25531 16615 25289 4130 20877 27033 8830 29410 21999 8142 23052 20723 29638 19308 16398 31640 6170 
17126 14462 20719 19041 19051 10013 21702 12800 4958 16660 19377 5391 20487 8667 3161 13404 12168 10074 31511 10419 22034 22862 25538 9565 9560 24559 9669 17383 26948 19920 26228 15653 15593 16646 15776 13173 15290 8076 4200 29256 21241 29414 3667 18143 18290 9989 1180 22099 17256 12395 
31693 5336 208 23951 21391 16962 25533 22403 20673 4041 6428 5588 20935 21257 3489 18866 7461 27213 20737 1104 32332 13836 14690 7310 9395 19380 23311 6102 31018 17831 10353 6723 23916 21635 20027 8713 2547 30119 8164 4625 32272 29427 10330 20451 13882 4046 13045 30921 7335 1902 
24745 29233 26649 16468 7553 22868 23803 22805 2632 5653 9388 29280 11913 5420 12059 23101 1723 28035 21140 31891 17077 29920 7641 15597 18536 1989 4213 7549 20172 2197 11597 22370 9499 23031 7032 18470 31294 22655 18768 22667 14468 6028 17865 16519 18842 25964 17410 19597 22200 23239 
32026 2062 22808 31034 25669 28992 3756 7490 24863 6686 10000 18268 1088 23216 15550 106 27152 30860 28289 23897 16348 26525 11564 26113 7978 2083 4491 25420 13130 1531 20122 22683 23854 15649 5109 11365 18812 18291 29840 17441 11488 6071 9640 5991 6823 17888 10745 32338 10634 28813 
15666 16168 23239 22483 5030 7997 30583 5436 16964 31508 22555 5391 25289 10696 19064 13522 18484 12202 2469 11022 22394 1068 31842 7250 22652 28414 11691 378 21302 16502 13197 17201 19769 26933 30777 11957 31579 13576 6487 10203 15277 11532 20892 15442 27565 25878 8351 31787 28349 14417 
9448 15257 30932 14633 23626 8694 29044 22632 15988 10759 732 1951 26050 30593 10622 23240 14937 9676 22451 27945 21362 29702 430 3452 758 29259 9646 30028 16204 5172 9336 4002 24430 19613 32261 4833 23875 5804 18040 29167 4649 4111 26451 26773 8656 2180 233 10025 1871 10911 
23 24938 30833 8648 15407 17579 4944 24963 12597 6452 2598 29172 10830 4837 16735 26018 28789 5404 5107 23675 20848 28121 12786 14360 4866 19488 19809 25923 9827 30111 2372 24246 12269 32657 24316 19750 14104 3810 28115 26752 4776 25492 26838 32371 25893 13153 5859 16942 15756 6050 
6402 18795 12356 4719 27384 23212 31827 28424 21018 28868 4306 371 11872 6042 1694 2407 25018 1578 25169 15465 16807 6604 12913 15157 18179 5817 24039 30303 28704 20939 14002 17978 2329 10116 9436 14841 20067 25682 32173 25108 7589 529 23328 6638 10442 24274 1939 5300 24404 20699 
20930 12680 499 15343 23798 23263 5206 3023 16762 29991 8513 14336 4431 8366 1248 13519 5408 21183 12635 30099 21880 2574 8618 25650 17459 8789 28331 29158 6707 2880 14961 9537 15700 26247 26079 18799 17057 20825 17526 8892 24776 23809 17004 19541 26315 31428 12542 9043 2809 24328 
11527 25333 9757 8124 21456 22061 12021 4595 14890 16991 2533 10962 22970 28517 237 26541 26773 28886 30681 365 20237 5256 12471 28469 12234 6739 13454 31813 13852 6424 13389 29982 7823 13570 30210 12262 11712 2828 8780 29711 2416 30148 1555 1332 10199 3918 7286 21827 18746 5291 
29957 8673 12224 3644 18993 266 2434 24961 23552 8440 16609 12327 25350 16199 10012 10306 12176 6998 11554 10711 18722 26608 7844 26013 8740 44 4975 22788 13272 25489 2809 19319 5775 15742 26169 12510 27165 31689 13244 5480 8842 14503 502 30343 3338 31692 11222 11580 8495 5843 
21405 19860 29278 8415 32751 8051 21888 21891 3882 5264 3833 23263 29944 24513 7390 13068 30240 4473 29026 23739 22178 23950 12690 26392 11778 28224 19523 31989 21988 26744 32072 11044 9945 1357 4328 26148 30585 25804 31631 4865 4530 32249 6595 6005 4703 20497 11354 13651 26396 14610 
25834 13605 24153 5501 5762 9236 32174 3419 24215 10505 4718 12926 23105 13586 12415 21513 15272 4871 4969 11059 21432 6765 5548 17735 25629 2458 12887 20207 19819 19226 17622 9395 28060 10834 31500 19645 17088 15203 11682 15839 9712 31314 4766 6103 12932 25957 32311 12497 11654 5840 
9703 7213 358 8592 6595 3715 8686 13720 26632 17124 27769 20267 7926 17763 22624 30089 8417 18132 2998 19661 32389 24020 10293 32534 19354 22794 25719 16613 8616 1708 17770 29894 17693 5444 3070 12851 8349 29108 11040 13237 2713 18039 23020 28748 2339 43 5662 25617 2048 31564 
10954 19482 13567 16195 3918 22942 30346 27295 12932 8281 12411 13474 1596 17458 19249 10239 24297 10780 12514 31458 31642 12346 13618 10289 18988 12614 6917 11793 15294 22323 11410 5549 15718 273 6586 10291 10530 16434 4247 29982 17170 12427 17495 3515 5860 12380 22091 6630 18831 15124 
21819 10773 13124 27503 18173 27289 21921 26849 28741 7200 553 17463 20159 30077 17649 1916 31067 21164 26523 32025 23273 21776 8328 29249 31461 22784 16970 30860 18580 25730 32600 27362 7248 29526 5638 14747 25375 17463 30900 16868 10379 2909 17989 13413 29358 11846 9939 20257 9357 27830 
24736 28317 23207 6909 14672 14916 30157 20856 30550 28682 18483 13658 6061 4944 6344 16044 3016 775 28867 8083 5067 15129 26494 12498 2299 17668 24712 1935 11379 7112 28662 6234 19994 1796 22777 2923 24529 12636 23222 9771 18673 32285 16209 28151 3572 25124 24907 26656 8306 17404 
6927 6966 27472 10054 21703 13702 28468 10078 9332 31969 827 1339 13374 27551 3567 19607 25352 7908 19059 21584 21320 31266 28161 7695 23574 9183 16791 22823 4227 16313 1004 3264 20779 2471 10153 11572 7182 13953 16854 8377 3739 15811 15506 30529 19982 28814 8712 22942 18940 495 
5022 29674 3372 25700 16751 24358 4265 8348 30204 20001 17685 2431 2590 411 17984 29038 21824 18347 27898 17612 28106 2654 13093 11709 19936 12705 7694 9517 12365 23649 8957 5397 14778 13552 14858 28665 16932 25771 4915 25014 21133 27354 8620 32122 10993 23255 29046 3348 25723 17779 
31539 25966 1017 20885 27193 25687 4238 18468 2277 31622 678 5927 18225 27868 7983 4139 3977 7146 4871 26085 24027 6323 25264 11545 19694 18355 587 25787 3572 19232 10692 18771 32354 4463 14666 30630 20479 11546 16898 8850 30523 22945 1788 24634 21443 20943 2662 21091 18258 23358 
31487 11806 11978 11037 5583 26280 29059 2097 20502 32654 6883 19994 23938 18964 12847 13784 26276 4568 17568 1933 933 31923 21946 6532 20277 8672 10713 16499 9669 7264 7949 5373 25846 7324 2087 12923 16209 15693 15892 21244 30776 8089 23402 27786 7196 4734 22081 13232 2289 18804 
27716 10041 23263 26190 5384 2361 4411 23138 28316 26962 32693 25321 22625 9264 24531 9385 12315 31830 5790 10961 25929 12317 667 19748 22194 12537 26108 16729 11841 24575 16664 23490 12050 29604 12569 17197 10701 27336 9972 7176 2867 12531 2719 28360 14582 22494 7806 19851 12494 2613 
14110 31995 7625 7067 6949 9334 22499 23023 8073 18797 470 973 21505 6666 14643 2136 21433 19222 3250 29751 3658 3353 11462 12254 7401 23747 2677 29455 30686 12938 22631 4512 8249 21909 8765 1406 4544 21977 28196 23026 4395 29058 7337 23587 10900 27028 31439 13533 29737 2514 
14942 20368 26916 26591 17535 12956 28925 7587 6790 11467 26333 752 14607 31775 13655 10853 12620 20943 23123 9619 27805 22412 26442 21599 20065 6664 20921 17319 10253 31929 10191 24361 13179 6875 32105 31392 1924 14772 9537 30255 15056 12315 2658 515 10477 26427 15840 17717 3487 22677 
3269 27629 27255 11588 12878 24781 27303 25221 31320 13709 14613 6006 26645 32482 31918 26654 13571 10149 28413 31150 15391 32561 16636 7174 9558 1805 16938 9339 25916 17355 32221 26072 25856 5423 17114 27042 26272 22932 18723 20129 31065 24716 27152 28827 4706 28871 7841 15715 7641 25910 
14355 23315 7166 9583 1713 917 7839 32084 25325 14696 15059 6127 19631 14752 17131 8609 5357 20271 23718 21884 17788 27492 18340 31213 15142 10161 26653 4254 9724 5297 27091 15770 25581 31337 3909 10675 27032 28111 294 25633 11615 24456 12813 1899 18621 2038 10862 9611 17369 21618 
20681 16205 16219 14806 545 19192 28798 4159 3760 3632 9062 23569 28377 20251 14261 10299 17502 8387 19289 21948 31699 20155 1959 1126 8787 11270 17582 30945 17265 18740 30405 9204 25457 21966 6759 12032 27065 12532 4673 12749 3970 27973 11144 30089 9939 19455 15504 26894 19888 29543 
4507 10852 24975 25708 7151 18823 18187 29575 5931 10346 23004 18661 6362 7227 6407 11208 15945 13289 25426 7467 27798 18404 22523 1445 22282 14116 12201 31375 16296 30060 8611 24169 9734 20176 10560 24698 22620 1141 16287 8119 6875 9880 23959 29926 22848 20433 23025 10243 5800 9625 
30677 5347 4006 16907 14723 791 17043 27367 19268 13587 21029 14812 6815 29328 30275 6663 28111 4654 28440 16055 3957 18014 11879 30579 25227 12671 11038 1342 29337 1351 4909 21785 21547 12645 20376 17354 27010 25956 3787 20188 24458 27091 18735 22247 30476 5283 29690 22289 28197 23760 
22091 13781 7671 20804 13430 4867 8350 30456 17820 14088 4965 21084 10112 1904 18746 8185 17557 9385 352 84 24668 5386 30308 6934 15852 8467 22866 32107 5330 17655 3368 14248 18460 23383 13963 32304 5041 25937 29625 20888 9188 5049 20671 29193 19272 30118 19436 8678 19141 28721 
32389 31663 24555 25465 15802 24358 3463 8427 18393 14768 21108 5824 20930 11773 17076 21702 2203 24299 14015 20068 23493 25000 1307 32216 8974 6935 31277 19652 29992 3190 591 26089 16986 21309 14883 21554 1909 24649 22822 4852 11530 10809 10888 29556 26330 24345 2107 31658 10126 22846 
3146 8772 31912 23408 27756 3054 26298 22607 13273 11729 469 18671 20316 31065 4677 22214 8105 30012 18811 23752 1522 26552 22347 976 7861 30236 7000 32322 7896 23945 2764 9966 1783 10490 7756 1848 8445 2178 23595 2166 31729 11733 21213 21658 23059 21002 6063 10769 17704 18591 
7606 9963 15634 17342 30981 20283 13475 11710 25123 21185 20659 15341 3517 21958 7536 7821 11415 16712 11766 29212 10184 24151 23072 21977 27943 16575 3741 19331 24577 17639 25414 17508 16909 9465 27566 32654 10401 26947 30203 7525 21029 14302 11253 3165 28617 18317 19037 13061 14195 31207 
25216 31557 20987 24761 23052 8931 31131 12966 7457 30028 23713 29456 13995 21138 6247 20796 17136 10161 24709 688 28773 15382 9797 7392 710 30818 21592 12810 3173 2667 29383 13663 20931 2691 18220 27235 2909 1534 17697 25494 31176 4846 25337 21588 0 20785 9902 14842 14334 31918 
32539 8266 13704 29915 15723 1297 27469 23939 17106 7942 26161 15558 13947 3062 21222 14945 22465 10782 444 25647 16545 8409 23738 7152 11375 23675 1005 4682 5833 380 1024 29453 18122 6873 23309 9915 6783 1975 16307 19784 9887 27721 24169 22046 32374 10741 273 22884 14371 8882 
21713 5760 259 19381 16926 15322 22125 21324 2841 23523 13984 24074 9247 13143 24057 7972 31387 9407 25706 20507 7711 3385 20263 19355 32692 22139 27298 20388 15214 27158 186 10983 8259 27128 16175 22899 27164 21045 25178 21648 25133 26631 30747 6635 22914 6675 20242 11764 12763 13805 
26130 7557 26810 5855 28626 17092 22714 12774 16102 20810 9506 8958 11758 28037 954 8095 22542 21338 22750 29320 13726 20495 22992 25787 28962 4969 10579 14281 2172 7185 8821 5455 3680 17212 17836 6081 8201 11147 31780 20582 25386 5936 9560 28324 8232 26963 8928 27774 19590 22196 
22153 25691 6561 2449 18091 29705 23453 15562 23735 20737 23711 4675 29200 29165 28732 10378 7964 29031 23346 13242 154 3588 25430 7583 26422 27537 7118 28954 9562 31132 16768 5319 28488 9015 15306 6366 358 11256 5492 7255 216 24132 483 3410 19028 28365 17039 18613 9010 14682 
183 23831 195 15047 28499 29917 23012 27724 18762 11170 14035 25602 32741 21213 29505 24226 11651 27069 26280 5776 8335 19544 26334 3097 4784 24069 22763 8953 24639 13062 17432 14625 21502 32107 6984 6839 23303 16690 12427 30557 13570 5043 1777 15542 29851 27196 30364 31270 25652 15352 
22297 12762 8918 31509 9201 15113 3438 10533 20346 6521 18486 2757 14323 28228 31857 15997 29392 26076 7771 15080 25171 18253 20320 30741 18780 2242 12428 18476 20866 3403 14659 9045 14178 28637 26162 27349 4407 32667 21637 26490 25516 20819 7514 1850 30958 2636 1398 7703 11780 18495 
21815 11846 10851 19107 27850 31631 13757 16685 26782 28151 8219 25496 27161 1949 28715 13986 22665 29154 19419 8791 11869 26060 20262 15761 9877 29613 17710 29376 24183 28159 30604 25063 16260 31635 2020 9191 17834 5355 1980 21248 30139 28900 17038 31893 6174 9367 28187 24623 3013 31362 
13571 8133 17758 17635 20371 17723 20174 12133 7902 16680 23259 21502 32271 18140 16680 5912 15869 10658 30311 3823 32512 8002 21706 31290 23812 3018 18618 2573 8667 14990 13772 766 29144 10350 10225 31111 9881 17239 9453 11691 19492 17165 12810 18908 29750 32551 25101 2333 21463 26203 
32617 2148 24370 31483 9907 18242 22436 30912 25942 7109 19 1991 12424 7582 27521 8409 18556 19583 6624 1775 23513 30151 22312 31221 32620 7521 4264 1743 19993 28137 5273 6298 17688 29713 28665 12084 12382 10564 24215 24318 15192 4489 362 32224 31199 28841 20262 8590 32105 23188 
29457 21258 19068 8961 3603 7019 17001 28757 3597 19932 21814 30150 3948 13031 4060 6336 31998 30964 23219 1415 25092 3596 31786 30495 8840 18147 13243 13929 3569 30486 286 5262 32724 24241 27581 25760 781 4340 24169 14463 11023 14423 27467 25850 6008 23499 3101 4407 21993 2371 
12954 21845 5652 2419 15666 11343 25622 215 9219 15652 23816 8696 29189 16181 4560 21739 24196 32238 3133 30746 6868 16296 10836 7751 10304 5070 17380 28109 19011 19519 20065 1321 26875 9716 29422 2234 30682 25827 19132 15813 13471 26403 13715 22204 21124 29520 32430 21696 26041 17969 
17356 8804 8978 9112 21124 19380 18429 28298 28633 30582 16054 3232 15886 1455 21182 6317 13500 30569 2441 10401 24353 948 29558 10926 21691 32235 2309 7593 8213 28984 26693 10418 2018 5466 1675 22039 28232 166 10857 30070 14974 15180 16862 26914 153 6108 26827 25288 23459 29961 
13222 21331 11758 19628 4722 4620 15271 13324 24559 32518 21422 12636 28942 9401 31397 2693 14503 7405 19528 28966 21358 15578 1788 12249 4132 19597 30122 15545 18442 19853 11213 21793 7067 5311 18378 1718 26490 15239 12161 18855 1450 11312 31521 4147 12029 19854 576 28524 4303 4577 
16171 17723 27379 27901 31866 32677 18926 30120 232 26956 12643 13892 11618 7993 19151 28846 16734 5080 27767 22885 14702 17220 3230 3567 31765 31941 29946 19064 18649 26008 19049 8893 7577 6382 15585 16936 1569 2358 29605 30524 2556 1695 2495 3636 11401 3801 11946 16103 13138 18972 
16207 12783 9880 22892 27443 24842 16435 23067 14830 22208 15513 17039 1247 4423 16956 31814 14622 3235 21273 24342 30130 14353 31885 29114 23044 23206 14699 5002 6292 11060 14925 29578 8683 8045 2087 30886 31697 13899 13602 32572 6335 16815 4007 4059 17303 29512 3001 29515 29587 12470 
22153 18381 7291 29423 18500 31651 20252 13538 10288 20691 15861 13659 30455 20009 31283 4135 13123 16763 31968 29304 19594 14128 20567 28299 14380 2819 28155 12935 23739 30213 9256 9897 18329 15841 6250 13982 24777 26980 14829 18992 4351 7741 14389 12581 3577 3073 21007 1636 16658 2162 
4296 20058 31765 16640 17308 21660 28751 9616 20337 3278 7144 28797 9926 31427 8563 28636 32230 26085 15811 29701 3937 23512 20480 1871 1212 18010 10235 21274 22376 6254 3775 22035 15857 22201 15721 20403 31096 32556 13881 1289 5987 5091 13288 17082 31571 19789 9020 16454 17750 14222 
23259 18572 26719 16161 1373 19345 1267 28866 29092 15741 23588 28811 15728 26342 28355 27741 3630 2641 7378 3457 19473 758 22840 11663 4964 16580 17848 21135 20511 17829 19236 13919 14264 2051 462 23893 5435 24203 32320 36 7069 22833 22061 19716 12878 11124 29095 17421 28685 3043 
31889 13028 14336 11488 3160 5018 11524 12964 19934 21201 28482 19075 20407 16673 22531 18289 15512 13242 10181 26566 6668 6218 23181 10302 24425 33 5760 18500 30979 26259 26797 25456 2975 13981 17454 17486 3115 21452 30575 21601 32684 10843 3021 19815 30583 2715 17251 4063 7588 21400 
10528 17097 26048 12538 26397 8365 13762 28713 22318 5598 6976 12469 440 5120 24803 29684 32450 16072 6169 20461 27982 22019 27401 18804 29929 218 19148 6551 1409 24148 19930 25145 18807 32540 21186 5629 32245 11397 15135 5990 9602 8395 21191 21308 18643 5276 14149 23089 14820 17878 
21386 15812 3400 23443 17375 13414 15806 19299 13854 18651 11780 9176 6690 6372 31984 24648 13948 26395 24508 10702 30055 1054 30370 10642 32255 21231 20392 20554 28077 27803 3006 14081 17894 10010 23046 32023 25109 887 15731 18314 2517 18225 20629 17779 29540 17632 31667 24020 19028 6171 
20763 27280 3716 22682 950 9403 24399 2200 11231 9748 1795 17019 20085 9168 23189 27063 23087 18074 16787 25328 3888 17367 31321 5983 1244 7214 28296 18294 16873 9032 11188 28871 6841 13524 21597 19234 18919 15055 7457 8445 30496 26882 10799 1817 8244 20940 24831 14179 6252 14369 
577 4889 4639 17107 8211 4141 26240 29968 17526 5614 4026 4141 23555 3301 2367 17057 14554 9725 2652 18517 16860 7400 20242 24603 8730 31165 25377 14971 3212 5606 9061 17846 26631 26681 26981 31493 30569 23653 5418 4386 21015 14736 26957 14345 16553 23614 27988 16896 20963 18293 
19007 24021 15335 20767 21853 18023 23978 28079 15716 2919 29861 24327 3521 22368 23245 19097 31789 22261 24772 31437 13441 9579 6225 20387 5835 25191 8974 8858 7073 21752 22880 8656 21173 16343 23980 26218 12202 19182 28616 18998 6438 9752 5296 16527 28201 18728 26235 13954 30109 29996 
8333 15919 27694 23283 15373 2417 9307 2764 12442 30657 27853 4497 11577 15191 12520 26340 23954 22931 1953 4281 3933 2716 9359 8213 19479 15431 24388 27412 15097 15418 17629 10289 24362 19793 26584 20162 1588 11328 25126 24770 31413 18298 15745 467 20311 11858 13824 32643 22017 31584 
2793 11983 5967 15911 20934 17126 24128 10228 32699 303 11311 9 7446 30348 10501 8955 22312 4577 25516 4441 25684 18384 30407 20878 28261 9159 26016 10505 30500 27197 17761 28827 27435 12344 1672 2080 22260 3091 29333 11617 29237 17278 12805 14905 30064 6854 28292 3575 28101 10583 
25951 9732 780 22399 32312 10694 25632 26996 14845 28099 19837 15257 3611 12810 24078 5117 32750 8143 11840 11556 5244 19029 23899 24075 26724 14097 2322 870 1041 12556 25433 3628 16435 27529 23158 23381 20080 14312 1883 14563 14934 21194 22067 15391 30357 3190 7483 19749 19051 20603 
5587 2978 13151 20631 27605 28893 3890 22232 22309 21236 8723 769 29577 11624 19730 30511 19131 21212 2263 14268 17597 27674 30868 16996 29293 26711 10552 8358 26201 17080 20710 31085 4052 16661 8869 26096 19530 4092 2649 3543 8912 24569 25842 20127 24063 26644 2275 29247 30723 29084 
13013 14604 3311 20771 10909 15066 18259 28874 13420 25444 31505 20415 8774 3566 25196 6915 6582 1064 12642 17265 25023 25686 29500 13564 19733 12974 26211 4920 5262 6657 19061 7964 13779 8094 21656 10758 10843 20084 15887 14847 2714 7542 8459 17216 29045 5444 6083 6902 13306 30983 
20934 1859 16718 30364 5008 4229 16102 8694 21596 30682 13562 16317 28218 30436 24375 9019 5217 11465 30133 9081 966 23678 552 27557 8686 24646 5466 10935 32256 30325 28889 26197 26654 19322 30956 29939 4853 25884 716 25406 29587 21252 21265 18619 21369 18556 24683 20395 18674 886 
11922 29747 2467 9424 21888 16057 19298 24022 2269 32145 10060 5897 13243 16857 13073 29727 31875 9121 17555 22858 17711 4432 5040 21949 31674 11842 11867 5997 20181 1206 29426 19476 6876 3816 1227 4988 8968 23418 28433 26362 27366 20760 27086 6712 17416 21852 30024 22840 25594 23279 
16273 18326 5751 6898 2138 9486 24541 32156 30472 6973 9183 30244 5898 6316 9338 21985 28265 23818 27946 23216 25248 6841 32349 31894 24495 20877 19752 16038 30059 18128 27449 1829 24344 16009 27405 17133 10553 23037 21603 22543 27047 16247 15600 11196 15841 28485 22868 16230 931 27139 
6733 10530 32698 3100 10794 27473 26390 17037 24195 28543 32289 31980 29224 10379 16975 169 6999 8200 20982 405 21042 29412 1633 9120 23407 327 29728 18919 27474 21950 17825 22254 29912 1945 9221 16937 31030 7314 8748 9922 27521 11695 24082 12182 31919 21353 19551 1153 25534 7437 
25145 7387 30259 5987 4445 6978 9414 9870 19054 5786 12380 14131 31116 29779 11061 2781 12585 14314 6759 9120 30488 27571 19339 4861 26599 1749 12982 12294 9327 29846 25771 30914 15785 8409 334 8915 4804 11748 8796 8022 21876 14183 8794 5643 10380 18106 20427 7094 3279 23655 
24742 10181 4099 13032 14855 3378 29256 7858 24613 31403 13736 12146 8836 17905 19439 30358 22636 1662 22205 5903 16793 17258 11737 597 24372 14479 8136 1708 22786 30444 8351 4775 17116 25671 23317 20970 22111 24086 22492 1843 29924 928 12082 18332 1458 27488 30899 31514 1139 18346 
28017 17994 21477 16017 28742 16749 10450 30983 28777 8368 8514 11590 23104 12722 23535 10351 2677 21056 9209 7025 30540 17507 1243 12077 1076 924 23198 9176 13212 32622 12877 32672 11015 24349 3752 4242 15715 12982 25884 17851 28566 13647 26355 9101 11099 1168 27337 22405 5196 29042 
2623 12043 13119 20039 18419 30106 27606 24059 20911 32288 28754 18585 13024 23464 10152 14608 2890 3382 14807 2104 7675 8434 13944 6416 19581 4745 2455 19018 21072 26833 12993 8457 21655 22188 29278 4329 6674 25390 24898 1344 32588 23810 9854 4003 31510 7433 16252 24492 18227 23621 
3659 26619 341 8438 8759 21627 22601 1794 28317 13798 6510 26522 25597 1676 12907 9243 8017 27728 31521 6194 9117 23539 23519 30532 20936 405 9173 6413 4778 4728 9164 31111 26470 27656 24852 28685 21498 9240 29885 25024 22548 28271 27402 29482 27176 31619 14114 32033 10431 13444 
3849 18670 13842 30876 17359 22447 29143 16246 27143 14586 1371 17661 26235 13507 30161 8806 13086 19584 12521 30832 28738 22410 18341 3818 5643 16071 19305 3446 23076 7046 337 12686 7600 15786 24518 9668 30596 23819 2644 24142 11923 31257 16310 7873 14505 12739 28211 3357 4445 2199 
25134 30218 32065 28970 17144 9825 3419 4538 20968 32238 30425 3346 8110 8053 4864 21166 11236 25074 7014 14880 8934 26405 30305 28082 11748 31566 10175 26701 2357 8758 14775 2713 21742 30062 12832 2918 21428 14299 26593 18251 3022 17011 19625 13196 32382 11841 32480 30785 27026 24495 
14301 30133 18230 22276 27225 14605 12 27180 9507 9258 895 19384 3606 19664 14932 805 2377 22279 1921 14945 24709 20161 19267 1163 32508 17598 7275 506 5431 12973 11256 1410 14673 27284 1771 7922 22371 5489 10839 12001 1599 1314 7608 26539 5217 23938 1925 24502 24866 22741 
28681 6394 22063 11110 9838 8640 5434 19054 31771 12969 11759 6712 19008 28147 28714 18307 30126 9208 11879 20520 25837 16631 1146 32508 7304 18455 30336 24312 30124 32681 31765 27031 8945 12974 19399 29824 30584 11161 31435 8805 9270 19542 17647 23339 24463 26506 4304 3915 11047 16157 
1101 19064 11253 19446 15675 22914 18585 13061 602 1914 495 2951 136 13847 14820 23173 26677 21848 23688 26526 32535 32363 8037 20231 31263 13774 19216 29904 13227 6324 17149 15721 4605 31146 16279 12132 12780 12410 28304 25212 10713 8527 28022 24535 30949 16155 21128 22408 30305 3382 
14279 20312 21895 25672 31824 11974 4455 32360 12264 19532 21795 3717 23769 24548 13407 26373 9213 32459 18420 29613 24344 1157 740 2753 15722 3361 21395 22892 3717 25790 25908 28513 12125 4174 5505 11715 19870 21402 29359 7491 30018 22663 21921 28552 7266 23447 27740 12243 8524 434 
18619 26339 28375 15143 18275 13846 15091 22510 25338 11730 4996 12592 18324 25379 11633 3080 14958 2213 10743 6540 10719 3749 17988 14343 31115 3715 10561 22921 24282 1370 17327 13218 25001 8675 30325 7274 21823 10647 29496 14532 23938 14612 2861 24548 21610 25538 24619 22543 9143 30390 
11269 20642 26335 25303 4630 15702 26955 4671 12061 30402 21698 11492 23372 17442 9254 4215 21147 12886 11870 32652 14178 23598 23955 19452 8999 2020 26271 135 14772 15850 5314 19902 29293 15590 32151 15905 3041 28412 12615 30084 23967 17483 15101 32695 31819 5818 1434 29285 25585 31476 
30889 26173 7320 8881 24981 2896 3355 13368 32025 23738 28724 15137 13561 14213 8154 5728 26096 22730 10957 1919 16873 1817 26735 18219 8818 27419 32469 17138 24429 23414 3870 26699 32264 8177 31747 8407 19440 28633 32432 25574 15042 12195 32210 317 4035 12754 23282 2327 15312 32540 
10753 30057 28568 27080 1844 30826 16392 28762 32530 5203 28423 13170 15563 24675 11364 754 29387 7975 25356 18015 12687 2552 26241 17546 8375 30149 5255 3695 20061 13587 16161 4445 2214 23361 29371 5207 30102 17681 27817 9403 23849 2660 21968 13857 22943 15685 5539 31110 25111 6697 
20818 12202 25439 3445 27453 31414 23307 12865 5807 29474 10436 11868 21449 982 2531 3984 26556 20879 29503 3623 9532 12677 15682 22701 6449 29515 22083 19704 28591 502 28431 16998 9512 8321 21961 18790 22496 17776 29429 1082 19874 22964 7375 31995 434 24271 13537 7389 20226 16440 
17364 10420 2728 21505 1927 26295 8848 20151 10078 20868 5230 11914 733 31845 20727 25005 20085 3282 24401 11264 29341 27959 21704 4077 24869 7415 29890 16015 21703 16816 3317 21274 12032 24001 25047 23927 26654 20489 16214 46 17817 242 458 9609 19110 24750 11048 4087 5898 6849 
22648 18862 10284 8896 11145 14228 12399 32344 31971 21344 30910 28817 27133 20732 105 27220 5040 13102 20271 25644 8428 4984 11676 1353 22954 8509 14229 15306 28193 7204 32049 10812 15933 19906 9674 3677 13645 18035 18772 1318 3580 24968 29678 20489 4738 21672 1975 32632 11547 20080 
28899 9894 23736 26717 24590 31889 25077 28652 32463 3648 14412 19199 21137 26185 12168 31619 16798 19863 14716 1616 28285 2410 16372 16720 23934 15007 5868 19684 6291 16946 24320 15491 17761 20225 27684 12965 24983 30931 1173 29663 6527 3224 3088 13647 27859 28147 28481 10810 5585 12789 
25470 5364 26257 22316 20149 24320 4247 16092 27555 31865 2725 19340 32327 7856 2258 18628 11415 31255 15072 22 20337 9054 17611 8027 20436 18395 9630 21567 25680 17711 138 16640 17083 25639 31801 11890 6694 15072 11360 8007 26895 31279 14740 10381 985 10815 15198 13176 24441 6780 
